[gd_scene load_steps=9 format=2]

[ext_resource path="res://addons/godot-xr-tools/assets/LeftHand.tscn" type="PackedScene" id=1]

[sub_resource type="SphereShape" id=7]
margin = 0.005
radius = 0.01

[sub_resource type="SphereShape" id=8]
margin = 0.005
radius = 0.01

[sub_resource type="SphereShape" id=9]
margin = 0.005
radius = 0.01

[sub_resource type="SphereShape" id=10]
margin = 0.005
radius = 0.01

[sub_resource type="SphereShape" id=11]
margin = 0.005
radius = 0.01

[sub_resource type="SphereShape" id=12]
margin = 0.005
radius = 0.02

[sub_resource type="SphereShape" id=13]
margin = 0.005
radius = 0.03

[node name="LeftPhysicsHand" instance=ExtResource( 1 )]

[node name="ThumbBone" type="BoneAttachment" parent="LeftHand/Armature_Left/Skeleton" index="1"]
transform = Transform( 0.641228, -0.57023, 0.513483, 0.627228, 0.00400403, -0.778826, 0.442053, 0.821475, 0.360232, -0.0537614, 0.0382334, 0.0802443 )
bone_name = "thumb_distal"

[node name="RemoteTransform" type="RemoteTransform" parent="LeftHand/Armature_Left/Skeleton/ThumbBone" index="0"]
transform = Transform( 1, 0, 0, 0, 1, 0, 0, 0, 1, 0, 0.012, 0 )
remote_path = NodePath("../../../../../Colliders/ThumbPad")
update_rotation = false
update_scale = false

[node name="IndexBone" type="BoneAttachment" parent="LeftHand/Armature_Left/Skeleton" index="2"]
transform = Transform( 0.927501, -0.373365, 0.0184361, -0.00490146, -0.0614605, -0.998098, 0.373788, 0.925646, -0.0588348, -0.000317366, 0.0346926, 0.155956 )
bone_name = "index_distal"

[node name="RemoteTransform" type="RemoteTransform" parent="LeftHand/Armature_Left/Skeleton/IndexBone" index="0"]
transform = Transform( 1, 0, 0, 0, 1, 0, 0, 0, 1, 0, 0.015, 0 )
remote_path = NodePath("../../../../../Colliders/IndexPad")
update_rotation = false
update_scale = false

[node name="MiddleBone" type="BoneAttachment" parent="LeftHand/Armature_Left/Skeleton" index="3"]
transform = Transform( 0.723534, -0.690285, 0.00243967, -0.172605, -0.184338, -0.967588, 0.668361, 0.699661, -0.252521, -0.00511784, 0.0033142, 0.153496 )
bone_name = "middle_distal"

[node name="RemoteTransform" type="RemoteTransform" parent="LeftHand/Armature_Left/Skeleton/MiddleBone" index="0"]
transform = Transform( 1, 0, 0, 0, 1, 0, 0, 0, 1, 0, 0.015, 0 )
remote_path = NodePath("../../../../../Colliders/MiddlePad")
update_rotation = false
update_scale = false

[node name="RingBone" type="BoneAttachment" parent="LeftHand/Armature_Left/Skeleton" index="4"]
transform = Transform( 0.475025, -0.861852, -0.17766, -0.499622, -0.0979557, -0.860687, 0.724381, 0.497611, -0.477131, -0.00622966, -0.0253195, 0.137952 )
bone_name = "ring_distal"

[node name="RemoteTransform" type="RemoteTransform" parent="LeftHand/Armature_Left/Skeleton/RingBone" index="0"]
transform = Transform( 1, 0, 0, 0, 1, 0, 0, 0, 1, 0, 0.015, 0 )
remote_path = NodePath("../../../../../Colliders/RingPad")
update_rotation = false
update_scale = false

[node name="PinkyBone" type="BoneAttachment" parent="LeftHand/Armature_Left/Skeleton" index="5"]
transform = Transform( 0.463311, -0.822464, -0.329992, -0.51281, 0.0548708, -0.856747, 0.722751, 0.566164, -0.396346, -0.0115324, -0.0446074, 0.108884 )
bone_name = "pinky_distal"

[node name="RemoteTransform" type="RemoteTransform" parent="LeftHand/Armature_Left/Skeleton/PinkyBone" index="0"]
transform = Transform( 1, 0, 0, 0, 1, 0, 0, 0, 1, 0, 0.01, 0 )
remote_path = NodePath("../../../../../Colliders/PinkyPad")
update_rotation = false
update_scale = false

[node name="PalmBone" type="BoneAttachment" parent="LeftHand/Armature_Left/Skeleton" index="6"]

[node name="RemoteTransform" type="RemoteTransform" parent="LeftHand/Armature_Left/Skeleton/PalmBone" index="0"]
remote_path = NodePath("../../../../../Colliders/PalmPad")
update_rotation = false
update_scale = false

[node name="Colliders" type="Spatial" parent="." index="2"]

[node name="ThumbPad" type="StaticBody" parent="Colliders" index="0"]
transform = Transform( -0.641228, 0.57023, -0.513483, 0.627228, 0.00400396, -0.778825, -0.442053, -0.821475, -0.360232, 0.0606041, 0.0382814, -0.090102 )
collision_layer = 131072
collision_mask = 0

[node name="CollisionShape" type="CollisionShape" parent="Colliders/ThumbPad" index="0"]
shape = SubResource( 7 )

[node name="IndexPad" type="StaticBody" parent="Colliders" index="1"]
transform = Transform( -0.927501, 0.373365, -0.0184362, -0.00490147, -0.0614605, -0.998098, -0.373788, -0.925646, 0.0588348, 0.00591784, 0.0337707, -0.169841 )
collision_layer = 131072
collision_mask = 0

[node name="CollisionShape" type="CollisionShape" parent="Colliders/IndexPad" index="0"]
shape = SubResource( 8 )

[node name="MiddlePad" type="StaticBody" parent="Colliders" index="2"]
transform = Transform( -0.723533, 0.690285, -0.00243967, -0.172605, -0.184339, -0.967588, -0.66836, -0.699662, 0.252522, 0.0154721, 0.000549119, -0.16399 )
collision_layer = 131072
collision_mask = 0

[node name="CollisionShape" type="CollisionShape" parent="Colliders/MiddlePad" index="0"]
shape = SubResource( 9 )

[node name="RingPad" type="StaticBody" parent="Colliders" index="3"]
transform = Transform( -0.475025, 0.861851, 0.17766, -0.499622, -0.0979557, -0.860687, -0.724381, -0.497611, 0.477132, 0.0191574, -0.0267888, -0.145416 )
collision_layer = 131072
collision_mask = 0

[node name="CollisionShape" type="CollisionShape" parent="Colliders/RingPad" index="0"]
shape = SubResource( 10 )

[node name="PinkyPad" type="StaticBody" parent="Colliders" index="4"]
transform = Transform( -0.463311, 0.822464, 0.329993, -0.51281, 0.0548711, -0.856747, -0.722751, -0.566163, 0.396346, 0.019757, -0.0440586, -0.114546 )
collision_layer = 131072
collision_mask = 0

[node name="CollisionShape" type="CollisionShape" parent="Colliders/PinkyPad" index="0"]
shape = SubResource( 11 )

[node name="PalmPad" type="StaticBody" parent="Colliders" index="5"]
transform = Transform( -1, 0, -8.74228e-08, 0, 1, 0, 8.74228e-08, 0, -1, 0, 0, 0 )
collision_layer = 131072
collision_mask = 0

[node name="CollisionShape" type="CollisionShape" parent="Colliders/PalmPad" index="0"]
shape = SubResource( 12 )

[node name="CollisionShape2" type="CollisionShape" parent="Colliders/PalmPad" index="1"]
transform = Transform( 1, 0, 0, 0, 1, 0, 0, 0, 1, 0, 0, 0.04 )
shape = SubResource( 13 )

[editable path="LeftHand"]
